20
285
758
947
1273
1389
1678
1807
2095
2423
2746
3048
3198
3390
3694
3857
4193
4595
4619
5062
5121
5577
5853
5966
407
6311
6635
6727
6971
7397
7588
7800
8137
8379
8590
8862
9107
9419
9501
9729
10184
1326
10344
1266
10678
10764
11234
11506
11771
11917
12193
12378
12789
12925
13210
13393
13707
13875
14238
14513
14744
14850
15113
15546
15576
15668
14950
15892
6796
9023
16369
16420
8747
16675
3073
16922
14358
17332
17521
17664
17921
8509
18234
10266
18552
9930
18913
18988
19316
19636
19783
14860
20140
20416
4965
20571
20872
21033
11839
11493
21412
21655
21937
508
4202
4998
22141
22378
22720
16487
13237
3516
23016
11208
23096
23517
23626
2727
23855
24097
24496
24692
25078
25113
25414
25710
25948
26348
26398
26806
27069
27350
7397
17581
27455
27704
28066
25980
3840
28234
2126
28634
28730
1412
22279
12534
29124
29273
29606
2980
28667
29717
29993
18006
4217
30463
30600
28565
30946
31091
31460
4284
8569
14000
31561
31939
32115
32480
17981
32677
4148
215
2752
499
7291
515
31261
847
32368
1201
2928
4306
4079
22592
1309
21975
1584
1826
17225
32541
4533
3679
2098
14620
31779
30292
2405
2795
26070
24709
2880
3229
14502
3377
3682
3939
470
4005
4321
4575
15565
4616
24922
19354
10017
18652
25068
16657
12267
1011
28038
20586
5077
25205
5246
5629
26772
5837
5907
356
15453
6266
8597
6524
6688
7118
28601
13386
7309
3848
20614
5368
7432
6677
26128
27307
28495
7900
8157
2748
8386
28097
20934
8578
31235
28872
2655
8717
9201
9314
13598
5375
18974
15614
8532
345
2559
27339
7531
4571
10429
9583
9803
10228
25983
10417
16741
10705
10778
6300
1258
23856
11247
11406
11655
11820
6197
12199
26010
8643
14523
12453
12776
2178
13073
20085
12815
6094
13201
9280
22570
8445
21845
13362
16384
16375
13664
13935
14199
30176
1596
22674
3214
11623
14506
9948
7849
25622
14611
14737
14894
5024
8434
15242
28695
1540
7106
15508
30489
22647
7277
15762
3229
23276
28182
8242
16019
10929
5185
30505
16350
16528
4550
16641
392
10497
16896
28037
17367
3060
1396
28197
9562
17267
1833
17526
6207
9303
13332
20119
5585
17783
9934
18114
588
20442
14215
17995
18327
543
23993
6546
12499
15458
10071
7081
13227
11075
28336
3720
6383
18592
18897
27926
30633
12441
15522
28242
16523
21092
11250
21619
19181
12791
19436
7875
10119
9110
9716
4548
17618
19535
19966
13259
30301
20098
14937
7806
20386
20507
16387
3549
20846
27971
8132
20254
2814
29504
13674
1178
21093
21391
7185
9731
18885
5801
23128
16839
26962
14376
21605
26306
9156
16161
21880
21747
18295
26021
2871
14420
18369
22049
22439
22602
5083
19567
8834
10987
32153
22954
18798
14196
1317
10268
15523
6211
408
31820
8275
920
24401
26743
3736
32700
32307
2055
25697
23227
18750
10225
9371
9110
7625
22938
23431
2093
4655
16455
23635
19734
11303
23916
11419
8640
3256
21642
24088
24440
478
14124
11562
24035
25774
17128
31230
10218
20147
27083
29790
24821
4120
24796
8870
4596
18359
24953
15016
25176
25407
7582
13069
17940
15814
3507
7412
25639
24392
23804
30417
11370
22920
7331
1167
14991
15107
25860
7857
4280
27697
846
20503
20263
17376
9741
14635
10007
25225
20065
25345
15066
5416
5399
26253
16934
28692
24198
14252
49
8682
18584
27360
18065
20309
26525
19446
8970
17993
21782
26736
5434
25468
19276
20690
31775
14352
3904
14054
8532
15627
680
343
22745
19639
21327
2354
12364
13110
18437
2883
25430
26950
17895
3772
24138
14099
15899
3306
4002
21180
14799
19097
24218
5331
9498
24333
20866
5095
9511
29884
24156
15265
18264
9492
22107
9171
6389
9305
5945
26084
25005
28060
7950
26177
23867
18690
16902
7660
24497
12139
4048
19658
26600
26148
10125
15976
16238
19993
12386
8858
3146
32493
31982
10514
2354
17698
24866
18920
4850
9170
24386
8048
6299
13340
1254
9895
11024
14122
4479
24756
14093
7749
17551
23033
4802
31386
23238
32754
26653
28339
22986
27255
5104
25175
7563
1868
6063
27592
10615
26707
31371
14943
22609
9429
25037
13246
4240
1237
27754
14912
18666
3116
14452
28013
19882
979
24845
17426
27748
2096
22492
23965
20055
10773
16887
29351
2854
312
17922
25727
12796
18375
6016
21545
216
27578
11362
16945
24052
18532
15422
10404
22308
18513
20038
22106
16914
2000
1379
29225
23656
18550
7176
1081
1988
14970
9406
27802
4823
18809
32282
19664
22403
7098
4912
26177
4546
11396
10208
15347
3143
24017
25036
26046
749
13220
9348
2397
14125
29760
6896
8190
3107
19768
8543
13604
2944
28229
27139
17715
25997
9024
9127
7981
14299
463
7867
19473
20326
14169
15475
24934
23063
20267
19466
3515
7695
17781
2123
17149
14121
10292
5649
28457
14508
4756
3018
9424
7230
10716
21448
24824
16319
4111
15382
23753
22183
1601
11299
28895
21110
24110
3888
13552
22879
25270
10235
16199
15771
5163
28251
13650
15437
5993
25591
14009
29008
31450
19483
22811
21383
22160
15664
2089
3104
25222
29080
12661
6953
26698
9585
7745
9719
18384
29014
22031
3483
7069
32542
5701
13842
17553
21141
25691
18255
18994
27462
17451
8709
9748
9169
11499
4685
7884
15720
22778
14158
16428
14628
21624
4890
2448
2512
3480
29226
28654
16275
377
29144
9877
25539
24203
5021
29726
3204
10334
31137
6242
22463
26724
10202
3224
8151
21963
24445
23614
129
6098
4489
5179
13427
10602
14971
9357
6328
1165
20873
8227
834
20017
10182
23694
23928
11419
6715
10560
29654
26428
28356
17460
6102
14508
22891
29322
11337
17535
16015
15614
10329
20862
9053
16486
9995
18700
18020
27385
22282
3206
1456
26368
2479
933
9420
6741
4450
17246
28919
22180
17124
17101
16541
15672
14177
21161
15441
13418
17460
28322
2844
24251
3705
14448
20061
31144
17723
22822
31962
8501
25139
17446
7250
22805
23642
24773
13336
15684
19879
27357
28182
15747
10547
22845
16836
13116
10032
27479
28567
3227
28763
19520
1387
21478
2554
5110
27087
1802
7196
16221
20637
31671
592
25793
26413
2557
25144
23324
175
13804
11977
13307
2635
