0
0
29
108
0
0
23
67
75
-35
11
0
56
27
53
0
0
-68
66
62
0
0
0
59
-91
105
58
-111
-114
0
0
0
0
-18
48
40
-28
-14
0
0
0
3
0
57
58
0
43
21
-2
0
0
10
0
0
43
0
-30
12
18
0
0
57
0
57
0
0
26
0
0
79
0
0
74
-56
0
61
61
0
0
0
0
0
36
36
0
49
0
0
0
0
-47
0
0
0
0
-42
0
0
-113
0
0
101
0
0
62
62
0
60
0
25
0
0
0
0
0
0
59
105
-53
0
0
0
40
0
50
46
0
0
6
34
0
50
0
0
79
0
27
0
0
62
62
61
26
0
-127
26
0
0
42
0
126
0
0
51
0
-65
0
0
55
92
0
0
0
0
0
48
92
0
0
0
0
-75
0
-4
-34
64
0
-109
0
0
0
7
-5
0
0
-11
0
54
0
0
0
-105
27
0
-120
0
0
58
52
0
0
0
22
0
19
88
25
0
0
55
0
0
55
55
0
0
0
0
-70
-68
55
55
0
0
56
0
0
0
-60
0
0
20
0
0
0
34
0
34
0
0
10
0
0
0
0
42
19
0
0
0
17
0
17
29
0
0
23
0
0
33
33
63
33
33
0
0
63
50
26
54
0
-37
18
0
-33
0
0
0
1
0
1
0
-5
27
-31
0
0
105
43
112
110
0
0
48
0
0
3
16
0
0
44
0
0
41
0
61
0
27
-35
0
0
37
37
-39
8
0
0
8
68
0
51
0
51
16
69
0
16
0
0
-35
0
63
0
0
63
63
100
0
0
0
44
0
25
0
0
0
0
0
53
0
0
0
45
28
0
45
79
85
0
101
0
-35
47
47
0
47
-31
18
-27
-57
0
44
-12
44
-43
0
-22
-48
0
0
-5
0
0
1
0
0
1
1
98
0
1
92
0
-3
0
-80
-95
5
0
0
5
19
24
114
0
22
0
22
13
6
0
0
32
80
0
32
32
0
32
32
0
-93
0
-128
0
0
0
-79
52
0
0
11
0
0
0
124
93
0
77
0
0
0
105
45
-74
-101
45
-70
0
38
38
0
0
0
104
80
0
0
84
0
0
93
0
0
76
65
0
-18
15
0
-26
15
0
15
-95
0
-117
-111
-108
46
-119
0
-90
0
0
21
0
0
0
0
0
120
0
0
0
0
108
114
0
0
0
0
42
0
-19
0
0
0
15
54
0
0
54
44
0
9
0
0
0
0
0
40
35
35
0
0
0
0
0
4
69
73
0
0
74
69
0
0
0
4
0
69
0
29
0
29
0
0
29
0
0
0
0
0
48
48
0
48
0
9
0
0
9
71
0
0
9
0
66
0
85
0
109
83
9
0
9
0
80
9
11
-71
0
11
-124
-122
11
11
0
-77
0
11
-76
11
0
11
-71
-119
0
0
0
0
0
-106
-76
0
0
0
0
0
0
11
0
-114
11
11
0
0
-102
0
11
0
0
0
0
11
0
11
11
11
0
11
11
11
11
11
0
11
11
11
0
-90
0
11
-87
0
11
-97
0
0
0
-93
0
11
11
11
11
0
-84
11
93
0
85
98
0
107
0
-35
-44
-30
-41
0
0
0
9
0
0
24
0
24
0
0
0
32
-12
0
32
0
0
0
0
-43
0
-3
-23
32
0
32
-33
0
-15
0
0
0
32
32
0
0
0
32
0
0
0
32
32
32
0
-40
0
0
32
0
0
0
32
32
32
-11
0
32
0
-32
32
0
0
32
0
0
-4
-47
0
0
32
0
0
0
0
0
0
0
32
-56
0
-41
0
0
0
64
76
0
0
105
0
118
115
110
0
33
0
92
33
69
74
33
110
67
0
82
0
0
0
0
0
0
0
56
0
56
0
0
0
111
67
56
0
105
0
72
-9
16
16
0
0
-41
16
-2
-47
-26
-54
-42
16
0
0
-3
0
0
16
-58
-58
-31
0
0
0
0
16
0
0
0
16
0
0
-3
0
18
67
102
0
18
0
18
0
0
86
83
18
18
74
0
0
0
122
0
0
0
18
18
0
0
0
18
0
0
0
30
30
100
0
0
0
112
98
0
30
0
30
0
30
111
0
30
0
117
114
0
30
0
30
0
78
92
30
94
0
0
0
0
72
30
0
30
30
0
102
78
0
60
0
0
0
60
0
-102
60
0
-97
-93
60
0
60
0
60
-126
0
0
0
60
60
0
0
-85
0
0
0
60
60
-67
0
0
0
0
0
0
0
0
60
0
60
0
-82
0
0
0
0
-114
60
60
0
-116
60
60
0
60
0
0
0
-87
0
60
-96
-116
0
0
0
0
-107
-91
-90
-106
0
-102
60
60
60
-77
60
0
0
0
-83
0
0
0
0
0
0
-85
0
0
-66
-110
